220.00	2	.7
207.65	2	.7

196.00	2	.7
185.00	2	.7

174.61 	4	.7

123.47 	.5	.7
110.00	.45	.7	0	.05	0
110.00	.95	.7	0	.05	0
110.00	.45	.7	0	.05	0
110.00	.5	.7
164.81 	.1	.7	174.61 	.4	.7
164.81  .5	.7 

110.00	2	.7
207.65  2	.7

196.00  2       .7
185.00  2       .7

174.61  4       .7

123.47  .5      .7
110.00  .45	.7	0	.05	0
110.00  1.95	.7	0	.05	0
110.00  .5	.7
123.47  .5      .7

130.81  .5	.7
164.81	.5	.7
196.00	.5	.7
329.63	.5	.7
369.99	.5	.7
293.66	.5	.7
220.00	.5	.7
349.23	.5	.7

329.63	.5	.7
261.63	.5	.7
220.00	.5	.7
329.63	.5	.7
246.94	.5	.7
220.00	.5	.7
110.00	.5	.7
123.47 	.5	.7

261.63	.5	.7
196.00	.5	.7
164.81	.5	.7
261.63	.5	.7
392.00	.5	.7
246.94	.5	.7
196.00	.5	.7
392.00	.5	.7

293.66	.45	.7	0	.05	0
293.66	.45	.7	0	.05	0
293.66	2	.7
110.00	.5	.7
123.47	.5	.7

130.81  .5	.7
164.81	.5	.7
196.00	.5	.7
329.63	.5	.7
369.99	.5	.7
293.66	.5	.7
220.00	.5	.7
349.23	.5	.7

329.63	.5	.7
261.63	.5	.7
220.00	.5	.7
329.63	.5	.7
329.63	.5	.7
220.00	.5	.7
110.00	.5	.7
123.47 	.5	.7

130.81  .5	.7
164.81	.5	.7
196.00	.5	.7
261.63	.5	.7
146.83	.5	.7
220.00  .5      .7
293.66  .5      .7
369.99  .5      .7

349.23	.49	.7	0	.01	0
349.23	.49	.7	0	.01	0
349.23	2	.7
0	1	0
