0	.5	0
261.63	.5	.7
293.66	.5	.7
440.00	.5	.7
493.88	.5	.7
293.66  .5	.7
261.63  .5	.7
493.88  .5	.7

523.35	.5	.7
329.63	.5	.7
261.63  .5	.7
523.35  .5	.7
369.99  .5	.7
293.66	.5	.7
220.00	.5	.7
349.23	.5	.7

293.66  .5	.7
261.63  .5	.7
220.00  .5	.7
261.63  1	.7
293.66  .5	.7
261.63  .5	.7
220.00  .5	.7

196.00	.5	.7
220.00	.5	.7
220.00	2	.7
0	1	0

0	.5	0
220.00  .5	.7
261.63  .5	.7
293.66  .5	.7
493.88  .5	.7
293.66	.5	.7
261.63  .5	.7
493.88  .5	.7

523.25 	.5	.7
293.66  .5	.7
261.63  .5 	.7
523.25  .5	.7
369.99	.5	.7
293.66	.5	.7
349.23	.5	.7
220.00	.5	.7

293.66  .5	.7
261.63  .5	.7
220.00 	.5	.7
261.63  1	.7
293.66  .5	.7
261.63  .5	.7
220.00  .5	.7

196.00	.5	.7
220.00	.5	.7
220.00	2	.7
0	1	0

0	3	0
